Pass = 456
Admin = 5
Money = 560917
Sex = 2
Skin = 169
Reg = 2
Pos_x = -2207.617187
Pos_y = -2298.012939
Pos_z = 30.625000
Fa = 277.023468
Int = 0
World = 0
CarKey = 0
MoneyDolg = 0
Member = 5
Leader = 5
Job = 0
MemberSkin = 306
Rank = 0
MemberWarn = 0
RankName = 1
APED = 1
APEDBattery = -396
Hunger = 0
Endurance = 0
EnduranceMax = 0
HP = 10.000000
House = 0