Pass = 456
Admin = 5
Money = 560917
Sex = 2
Skin = 169
Reg = 2
Pos_x = -2162.996582
Pos_y = -2259.758056
Pos_z = 30.468750
Fa = 298.319366
Int = 0
World = 0
CarKey = 0
MoneyDolg = 0
Member = 5
Leader = 5
Job = 0
MemberSkin = 306
Rank = 0
MemberWarn = 0
RankName = 1
APED = 1