Pass = 123
Admin = 0
Money = 100
Sex = 1
Skin = 66
Reg = 2
Pos_x = -2163.369384
Pos_y = 643.677856
Pos_z = 1057.593750
Fa = 100.886260
Int = 1
World = 1
CarKey = 0
MoneyDolg = 0
Member = 2
Leader = 2
Job = 0
MemberSkin = 0
Rank = 0
MemberWarn = 0
RankName = 1
APED = 0
APEDBattery = 0
Hunger = 23406
Endurance = 23384
EnduranceMax = 25200
HP = 91.090003
House = 0