Pass = 123
Admin = 0
Money = 100
Sex = 1
Skin = 66
Reg = 2
Pos_x = -2271.076416
Pos_y = -2202.332763
Pos_z = 32.959579
Fa = 170.147796
Int = 0
World = 0
CarKey = 0
MoneyDolg = 0
Member = 1
Leader = 1
Job = 0
MemberSkin = 0
Rank = 0
MemberWarn = 0
RankName = 1
APED = 0
APEDBattery = 0
Hunger = 24850
Endurance = 24847
EnduranceMax = 25200
HP = 100.000000
House = 0