Pass = 123
Admin = 0
Money = 100
Sex = 1
Skin = 66
Reg = 2
Pos_x = -2122.867187
Pos_y = -2265.506835
Pos_z = 30.625000
Fa = 12.250277
Int = 0
World = 0
CarKey = 0
MoneyDolg = 0
Member = 2
Leader = 2
Job = 0
MemberSkin = 0
Rank = 0
MemberWarn = 0
RankName = 1
APED = 0
APEDBattery = 0
Hunger = 23816
Endurance = 23794
EnduranceMax = 25200
HP = 91.090003
House = 0