Pass = 123
Admin = 5
Money = 1000
Sex = 1
Skin = 23
Reg = 2
Pos_x = -2089.942138
Pos_y = -2266.295166
Pos_z = 30.625000
Fa = 234.255615
Int = 0
World = 0
CarKey = 38
MoneyDolg = 0
Member = 2
Leader = 2
Job = 0
MemberSkin = 121
Rank = 0
MemberWarn = 0
RankName = 1
APED = 1
APEDBattery = 34371
Hunger = 17768
Endurance = 17432
EnduranceMax = 25200
HP = 10.000000
House = 0