Pass = 123
Admin = 0
Money = 12
Sex = 1
Skin = 23
Reg = 2
Pos_x = 34.424865
Pos_y = 77.285995
Pos_z = 3.117187
Fa = 90.000045
Int = 0
World = 0
CarKey = 38
MoneyDolg = 0
Member = 5
Leader = 5
Job = 0
MemberSkin = 0
Rank = 0
MemberWarn = 0
RankName = 1
APED = 1
APEDBattery = 23349
Hunger = 22626
Endurance = 22615
EnduranceMax = 25200