Pass = 123
Admin = 5
Money = 743
Sex = 1
Skin = 23
Reg = 2
Pos_x = -2105.941406
Pos_y = -2274.568359
Pos_z = 30.625000
Fa = 308.757873
Int = 0
World = 0
CarKey = 36
MoneyDolg = 0
Member = 2
Leader = 2
Job = 0
MemberSkin = 305
Rank = 0
MemberWarn = 0
RankName = 123
APED = 1
APEDBattery = 13101
Hunger = 15586
Endurance = 12822
EnduranceMax = 25200
HP = 100.000000
House = 0