Pass = 123
Admin = 5
Money = 4500
Sex = 1
Skin = 23
Reg = 2
Pos_x = -2167.161132
Pos_y = 642.184997
Pos_z = 1057.593750
Fa = 113.419769
Int = 1
World = 1
CarKey = 36
MoneyDolg = 0
Member = 2
Leader = 2
Job = 0
MemberSkin = 305
Rank = 0
MemberWarn = 0
RankName = 123
APED = 1
APEDBattery = 2133
Hunger = 20120
Endurance = 19998
EnduranceMax = 25200
HP = 100.000000
House = 1