Pass = 123
Admin = 5
Money = 1078
Sex = 1
Skin = 23
Reg = 2
Pos_x = -2759.480957
Pos_y = -2446.833251
Pos_z = 3.145033
Fa = 85.844459
Int = 0
World = 0
CarKey = 36
MoneyDolg = 0
Member = 2
Leader = 2
Job = 0
MemberSkin = 121
Rank = 0
MemberWarn = 0
RankName = 1
APED = 1
APEDBattery = 24032
Hunger = 23339
Endurance = 23641
EnduranceMax = 25200
HP = 100.000000
House = 0