Pass = 456
Admin = 5
Money = 46800
Sex = 2
Skin = 169
Reg = 2
Pos_x = -2122.247314
Pos_y = -2265.825439
Pos_z = 30.625000
Fa = 70.952239
Int = 0
World = 0
CarKey = 0
MoneyDolg = 0
Member = 2
Leader = 2
Job = 0
MemberSkin = 0
Rank = 0
MemberWarn = 0
RankName = 1
APED = 1
APEDBattery = 32404
Hunger = 20493
Endurance = 22889
EnduranceMax = 25200
HP = 10.000000
House = 0